7.54E-05	0	1.96E-06	0.000122474	0.000276277	0.00032527	0.000377681	0.000444025	0.000537549	0.000667915	0.000884025	0.001113903	0.001550972	0.002193355	0.003060919	0.004220457	0.005910079	0.008091797	0.010930101	0.014042115	0.018113312	0.022692503	0.028314453	0.034625866	0.043060621	0.051592362	0.061194118	0.06750829	0.073170593	0.072916025	0.07083148	0.065924991	0.060180064	0.053404088	0.046820985	0.04086167	0.034998027	0.029518564	0.024496241	0.019466762	0.014777455	0.008666923	0.002038376	0	0	0
7.63E-05	1.91E-07	4.05E-06	0.000124948	0.000291488	0.000345292	0.000407282	0.000482729	0.000595551	0.000737636	0.000960222	0.001213826	0.001669233	0.002363499	0.003247374	0.004453304	0.006180711	0.008247557	0.011090353	0.014266729	0.018124014	0.022676952	0.028306237	0.034343309	0.043040124	0.051147193	0.061038434	0.067338017	0.073195706	0.072972943	0.071024019	0.066261281	0.060410214	0.053585336	0.047097036	0.041154017	0.035126629	0.029605795	0.024411435	0.019231097	0.014296683	0.007980825	0.000874397	0	0	0
7.66E-05	7.06E-07	3.19E-06	0.00012269	0.000284844	0.000341307	0.000396447	0.000479126	0.000576307	0.000711824	0.000930306	0.001139596	0.00165219	0.002227548	0.003103584	0.004353086	0.006033162	0.008070523	0.010758566	0.014069041	0.018111836	0.02264814	0.028162319	0.034641845	0.042630832	0.051491248	0.060782993	0.067402502	0.072856615	0.072616362	0.070632267	0.066340129	0.060304267	0.053453543	0.046781865	0.040721651	0.034817812	0.029268195	0.024605224	0.019702151	0.01492732	0.009070091	0.002700118	0	0	0
7.78E-05	1.43E-06	4.15E-06	0.000124912	0.000294934	0.000353893	0.000414622	0.000502789	0.00060783	0.000749817	0.00097921	0.001189129	0.001725132	0.002314323	0.003256379	0.004458873	0.006197069	0.008248257	0.01088353	0.014180343	0.018293822	0.02275372	0.028171942	0.034695621	0.042768695	0.05153194	0.060927847	0.067274527	0.072737537	0.072368596	0.070355008	0.06598595	0.060079534	0.053144595	0.046659095	0.04055342	0.034692664	0.029157472	0.024534925	0.019736636	0.0150168	0.009064367	0.002930854	0	0	0
7.65E-05	6.73E-07	4.45E-06	0.000124483	0.000297432	0.000358746	0.000419878	0.000516853	0.000619463	0.00076451	0.000965871	0.001179395	0.001766617	0.002395241	0.003330698	0.004540381	0.006144652	0.0082582	0.010735737	0.013959981	0.018023413	0.022634471	0.027820073	0.034419551	0.042240213	0.051202119	0.0606522	0.067168309	0.072900723	0.072419283	0.070506488	0.066251507	0.060294686	0.053403543	0.04692542	0.040836041	0.034869813	0.029361481	0.024687133	0.019827212	0.015054175	0.009100952	0.002941422	0	0	0
7.39E-05	0	2.02E-06	0.000119534	0.000277453	0.000329976	0.000385794	0.000451915	0.000545482	0.000666653	0.000900511	0.001109042	0.001552518	0.002079337	0.002935448	0.004102624	0.005842454	0.007797771	0.010460276	0.013679877	0.017663543	0.022269747	0.027894539	0.034231729	0.04227365	0.050963154	0.060098404	0.067066378	0.072305186	0.072624451	0.070175807	0.066074304	0.060169081	0.053279822	0.046642647	0.040568496	0.03474091	0.029394627	0.024972632	0.02029305	0.016083836	0.010620602	0.00527313	0.001007708	0	0
7.58E-05	0	3.65E-06	0.000123394	0.000288954	0.000351686	0.000413353	0.00048409	0.000589854	0.000726371	0.000965126	0.001180027	0.001639907	0.002230193	0.003107555	0.004295323	0.006040871	0.008067466	0.010762137	0.013901911	0.018070023	0.022704695	0.028145776	0.034428492	0.042642105	0.051446566	0.060448181	0.067476633	0.072423329	0.073014526	0.070545729	0.06645498	0.060469042	0.053556326	0.046688387	0.040544312	0.034666346	0.029335764	0.024716842	0.019804645	0.015150977	0.009149993	0.002868665	0	0	0
7.64E-05	5.18E-07	5.45E-06	0.000125214	0.000292816	0.00036263	0.000429935	0.000508035	0.000626811	0.000757767	0.00102005	0.001254548	0.001696777	0.002387239	0.003270766	0.004505161	0.006180696	0.008192333	0.01095047	0.013980929	0.018043543	0.022678148	0.027992425	0.03437616	0.042463175	0.050967939	0.059984314	0.066584203	0.071754902	0.072303591	0.069969556	0.065885605	0.059731137	0.053025357	0.046210986	0.040262507	0.034450755	0.029144516	0.024843117	0.020175985	0.01600763	0.01051412	0.005034266	0.000971554	0	0
8.05E-05	1.07E-05	6.56E-06	0.000116638	0.000267613	0.000324131	0.000381441	0.000436766	0.000533054	0.000651819	0.000878576	0.001096007	0.001509789	0.002044066	0.002783771	0.004121335	0.005413986	0.007627017	0.010298239	0.013556572	0.017069031	0.021241895	0.027325235	0.033834451	0.041119943	0.04946145	0.058740421	0.064651265	0.07015542	0.069843805	0.067662233	0.063660589	0.057910716	0.05128763	0.045082901	0.039200782	0.033691066	0.028650003	0.024987946	0.021196664	0.018135649	0.013507067	0.011165115	0.00798112	0.006243563	0.00405543
8.36E-05	1.39E-05	8.95E-06	0.000120693	0.000283392	0.000345194	0.000407533	0.000469548	0.000579946	0.000711705	0.000933267	0.001132584	0.001622284	0.002144362	0.002793608	0.004152736	0.005439491	0.007719602	0.010403062	0.01381884	0.017555457	0.021246806	0.02776885	0.034701603	0.042099313	0.050231332	0.060029564	0.066057352	0.071473591	0.071082673	0.069143469	0.064897218	0.059003597	0.052197976	0.045803066	0.039890931	0.034142174	0.028835867	0.025026547	0.020976687	0.017470579	0.012128861	0.008813211	0.004974772	0.001264187	0
8.45E-05	1.43E-05	9.62E-06	0.000125075	0.000291855	0.000358277	0.000421667	0.000476968	0.000597543	0.000747128	0.001020048	0.001212235	0.001670814	0.002234258	0.002876359	0.004195063	0.005532207	0.007947504	0.010760164	0.013859894	0.017829954	0.021372298	0.028079505	0.035065361	0.042317062	0.050537627	0.06061759	0.066185871	0.071775743	0.070568903	0.068688281	0.064407445	0.05855506	0.051803068	0.045279396	0.03959753	0.033908041	0.028710564	0.024899886	0.020960459	0.017507161	0.011865399	0.008631041	0.004703434	0.001697891	0
7.01E-05	5.82E-07	2.33E-06	0.000107476	0.00027006	0.000323546	0.000380172	0.000455354	0.000554811	0.000656593	0.000831513	0.001028749	0.001480521	0.002008332	0.002728354	0.003770878	0.005327512	0.007371145	0.009871282	0.012705609	0.016487783	0.021090486	0.026491496	0.032448317	0.040361023	0.048498062	0.057339071	0.06371399	0.068647032	0.068441028	0.066485666	0.062525633	0.056716714	0.050295042	0.044278245	0.038571854	0.033414474	0.028527109	0.024739342	0.021448663	0.018868656	0.015177161	0.013394551	0.010907734	0.011039824	0.010146142
6.67E-05	0	5.43E-07	0.00010764	0.000277478	0.000332508	0.000396765	0.000472497	0.000570705	0.000685292	0.000856704	0.001064029	0.001529604	0.002095634	0.002804101	0.003863139	0.005467571	0.007450873	0.010163902	0.012849286	0.016463125	0.020967798	0.026786323	0.032591312	0.040725429	0.048814996	0.057713374	0.063791989	0.068938073	0.068554374	0.06659642	0.062507822	0.056598045	0.050275758	0.044279573	0.038526042	0.033349524	0.028301524	0.024519918	0.021417398	0.018642359	0.014762841	0.013046619	0.010380285	0.010840471	0.009553613
6.59E-05	0	1.62E-07	0.000110031	0.000283987	0.000341208	0.000415174	0.000490093	0.000600085	0.000714397	0.000863399	0.001055099	0.001537841	0.002162326	0.002923048	0.004032418	0.005711975	0.007606366	0.010379892	0.013005352	0.016561154	0.021431848	0.027313586	0.033334749	0.041789491	0.050133515	0.059247861	0.065880047	0.070837699	0.070535315	0.068554309	0.064581005	0.058398883	0.052164862	0.046055101	0.039902005	0.034567672	0.029076311	0.024837953	0.021314455	0.017801808	0.013193495	0.009934262	0.007000502	0.0032441	9.30E-06
7.09E-05	0	3.51E-07	0.000108516	0.000270508	0.000323725	0.000370546	0.000436827	0.00052603	0.000649692	0.000795701	0.001003671	0.001432336	0.001881439	0.002663988	0.003833906	0.005325085	0.007282652	0.010203432	0.013027216	0.017021046	0.021690658	0.027077336	0.033595201	0.041728035	0.05021308	0.059152078	0.065355031	0.070432383	0.070681136	0.068166232	0.064475277	0.058177727	0.051769701	0.045257439	0.039538748	0.033904411	0.028932007	0.024837436	0.020822446	0.017546573	0.013402531	0.010651188	0.007694627	0.005327165	0.002343945
6.82E-05	0	0	0.000108388	0.000271496	0.000329173	0.000373158	0.000445096	0.00052809	0.000655044	0.000806211	0.000996016	0.001410279	0.001931915	0.002656115	0.003742621	0.005277139	0.007179286	0.010172842	0.013007787	0.017014288	0.021537837	0.026949791	0.033353099	0.041585408	0.049800079	0.058863057	0.065242818	0.070314185	0.070757175	0.068213598	0.064415465	0.058244024	0.052004505	0.045342193	0.039652635	0.033900822	0.02877864	0.024875191	0.020849582	0.017522389	0.013504833	0.010813788	0.007982311	0.005723716	0.002799676
6.88E-05	0	2.23E-07	0.000110967	0.000280733	0.000339713	0.000387848	0.000466702	0.000556086	0.000687914	0.000872762	0.001061145	0.001461009	0.001985214	0.002699155	0.003760449	0.005291068	0.007455688	0.010362512	0.013371622	0.017307773	0.022015608	0.027390956	0.034108351	0.042416161	0.050697495	0.05987286	0.066518555	0.071597391	0.072022177	0.069876873	0.065617914	0.059572012	0.053473556	0.046377996	0.0405578	0.034525996	0.029123703	0.024933961	0.020429844	0.016537352	0.011976494	0.007666601	0.004162924	0	0
7.81E-05	1.81E-06	5.68E-06	0.000116939	0.000282821	0.000345458	0.000410423	0.000489847	0.000608492	0.000749184	0.00097672	0.001238877	0.001706003	0.002399841	0.003276744	0.004525228	0.006208746	0.008294153	0.010904985	0.01405679	0.017893775	0.022375959	0.027805992	0.034032604	0.041849659	0.050404825	0.059242162	0.066025737	0.071267363	0.071067582	0.068804441	0.064897085	0.058927824	0.05241739	0.045890824	0.040011269	0.034479129	0.029189199	0.024893973	0.020658421	0.016944978	0.012106403	0.008040877	0.004095675	0	0
7.92E-05	2.47E-06	6.79E-06	0.000118837	0.000292474	0.000362931	0.000435616	0.000524631	0.000649848	0.000803424	0.0010239	0.001294106	0.001821845	0.002577614	0.003483366	0.004767019	0.006447163	0.0085328	0.01115905	0.014298166	0.018062491	0.022427275	0.027816891	0.033970406	0.041655268	0.050340449	0.058958109	0.065617514	0.07065599	0.070330216	0.068119687	0.064231933	0.058198241	0.051841691	0.045471335	0.039616397	0.034060776	0.028980775	0.024828341	0.020744025	0.017243765	0.012562754	0.008882211	0.005143116	0.001559063	0
